# Created by Octave 6.3.0, Wed Jun 22 15:07:10 2022 GMT <unknown@Brenda-Lenovo2>
# name: Y_test
# type: matrix
# rows: 74
# columns: 1
 1
 1
 1
 1
 1
 1
 1
 1
 1
 0
 1
 1
 1
 1
 0
 1
 1
 0
 0
 1
 1
 1
 1
 1
 1
 1
 1
 1
 1
 0
 1
 1
 0
 0
 1
 1
 1
 1
 1
 0
 0
 0
 0
 0
 1
 1
 0
 0
 0
 0
 1
 0
 0
 0
 0
 0
 0
 0
 0
 0
 0
 1
 0
 1
 0
 0
 0
 1
 0
 0
 0
 0
 1
 0


