# Created by Octave 6.3.0, Sun Aug 07 21:29:57 2022 GMT <unknown@Brenda-Lenovo2>
# name: cdk_select_test
# type: matrix
# rows: 74
# columns: 72
 1.3694999999999999 1.87553025 84.663899999999998 11.996170245266583 15.997946482559758 -0.38429509981191462 0.11604313699887721 5.398612758771641 10.358002995228359 0 6 6 46 1 21 0 0 1 5 2 5 4 0 0 0 0 0.096225044999999995 0.262891712 0.48999949799999998 0 0 0.044194174000000003 0.096277506999999998 0.14251757800000001 1.1673337340000001 0 0.219821982 0 0.60061402600000002 0 0.074318909000000002 0 14.53516943 9.6513970049999998 8.2397252079999994 6.5677647520000004 5.5341920729999998 4.3072061929999998 2.834734095 1.726863595 12.705981980000001 7.6614008230000001 5.5943364149999999 3.856903193 2.9350148740000002 1.9114815789999999 1.1141171080000001 0.61305294600000004 2.6170182359999998 4.2758080979999997 5.9407688670000001 1.2333648610000001 1.8158648420000001 2.0156652369999999 11 10 0 3 3 7 274.20451370000001 3.7370000000000001
 3.8879000000000001 15.115766410000001 88.719999999999999 11.849999999999984 34.968853612315371 -0.27601126416971111 0.15479681889926453 6.4637421684554139 11.851293271597633 0 17 17 35 0 25 0 0 2 11 2 2 0 0 0 0 0 0.096225044999999995 0.38992543699999999 0.48788626200000001 0 0 0.022360680000000001 0.10548368399999999 0.120114794 1.3770701299999999 0 0.35863639000000003 0 0.69154815300000005 0 0.11222032999999999 0 15.10408353 10.737183440000001 9.7772925199999996 8.5819237190000006 7.6215420250000001 6.4345511430000002 4.6263156900000002 3.6415193750000001 12.748656739999999 7.4270861269999999 5.6276183089999998 4.0074127930000003 2.9647594050000001 2.0932759110000001 1.2594440090000001 0.81976115299999996 3.4968569129999998 6.2886994029999999 9.3172007499999996 1.3771423060000001 2.0472053840000002 2.535667986 10 19 1 0 2.7799999999999998 1 308.08287419999999 5.5
 3.3752 11.39197504 91.016900000000007 11.850000000000005 14.003084162004431 -0.30864933151197849 0.11725418860727144 5.7443867187500022 11.993946469574801 0 12 12 44 1 23 0 0 0 9 5 1 3 0 0 0 0 0 0.16666666699999999 0.21407617500000001 0 0 0 0.055555555999999999 0.067061488000000002 1.1498299139999999 0 0.24719387500000001 0 0.73685826200000004 0 0.100592232 0 14.65648977 10.254020199999999 8.9827380219999995 7.2628093849999997 6.2524550469999998 5.2945268560000001 3.8289246220000002 2.944232484 12.971793140000001 7.7693857020000001 6.0240444499999999 4.2035214249999999 3.1035522229999999 2.2654146819999998 1.4882670170000001 0.98592307400000001 2.5609771800000001 4.3508644580000002 6.3678559259999998 1.3364727080000001 1.885349852 2.355893268 10 14 0 4 3.5499999999999998 3 277.18304990000001 4.9260000000000002
 0.3785 0.14326225000000001 35.165599999999998 11.850000000000005 15.994917908624286 -0.34413276932728382 0.21982767774116985 4.8931824240556772 8.1904617994086131 0 9 10 14 0 11 0 0 3 0 1 0 0 0 0 0 0 0.11785113 0.219416097 0.38745841800000003 0 0 0.032274861000000002 0.045004943999999998 0.051989151999999997 0.53845169100000001 0 0.16426642699999999 0 0.178070483 0 0.030571187 0 6.9746914950000001 4.8770100980000004 4.2630254699999997 3.6831539800000002 3.0891589580000001 1.9793569790000001 1.1661212139999999 0.628003494 4.9435549200000004 2.7076989949999999 1.829559962 1.2269778870000001 0.75221454799999998 0.35577059500000002 0.14758226199999999 0.058550822000000002 1.440177475 2.343625286 2.6046561989999999 0.36541943599999999 0.41516450300000002 0.321895076 5 10 0 0 1.46 0 136.03851080000001 0.90500000000000003
 3.1629 10.00393641 51.889699999999998 11.993405849169356 15.994918419320182 -0.2735922535884327 0.24621443432765555 5.0836666580674645 10.041321300043839 0 11 11 26 0 15 0 0 1 8 0 1 0 0 0 0 0 0.078567419999999999 0.38312525400000003 0.494860619 0 0 0.028867513000000001 0.116028912 0.118208859 0.94163238800000004 0 0.33435576900000002 0 0.40633967199999999 0 0.111186807 0 10.12939203 6.698377303 6.0248271510000002 5.0994875710000001 4.2687716340000001 2.9505434039999998 1.4342055970000001 0.93939764400000003 8.2667770970000003 4.5101920059999996 3.2949159680000002 2.3523200709999998 1.5084712140000001 0.87240937799999996 0.36979450000000003 0.192006223 2.4170980160000002 4.0895460119999996 5.3608735889999997 0.92407645900000002 1.1762893459999999 1.2578571000000001 8 12 0 0 2.3399999999999999 1 188.0949631 1.321
 1.2114 1.46748996 44.446599999999997 11.996268762476856 15.999286705369663 -0.34656776458500144 0.31220212282972665 3.9853970147990876 8.6442054533862596 1 6 6 21 0 13 0 0 2 5 1 1 0 0 0 0 0 0 0.083333332999999996 0.107038088 0 0 0 0.027777777999999999 0.025229119000000001 1.0443310539999999 0 0.20412414500000001 0 0.26007122900000001 0 0.030186502 0 9.8449349829999999 6.1090609049999998 5.5819573629999999 3.5983299469999999 3.0121513709999999 2.1587192169999998 1.2408828030000001 0.50858833699999995 6.981359544 3.6174536480000001 2.3949556780000001 1.3711546649999999 0.88717121899999996 0.52143812700000003 0.198315454 0.070573339999999998 1.6528476219999999 2.5412328560000002 3.1227483450000002 0.39234145999999998 0.47438370899999999 0.45710345800000002 7 12 0 0 2.0099999999999998 3 180.04225880000001 1.4219999999999999
 1.3048 1.7025030400000001 46.179699999999997 11.998999999999999 34.969853614841028 -0.27214678459415143 0.29723550805679966 3.4395187603287529 8.0565740832846711 0 0 0 21 0 11 0 0 0 0 0 4 0 0 0 0 0 0 0 0 0 0 0 0 0 0.40236892699999999 0 0.11785113 0 0.11635422500000001 0 0.014433757 0 9.3973412249999999 5.7567488170000001 4.0765154900000002 3.001600533 2.0236033619999998 1.178468348 0.39225889800000002 0.20118446400000001 7.8071377350000004 4.3336537369999997 2.5706143739999998 1.3580401040000001 0.759538088 0.40117351499999998 0.156146538 0.074959319999999996 1.069035594 1.4428090419999999 1.408291245 0.22805250299999999 0.26497077899999999 0.2466334 9 6 0 2 1.24 7 213.007182 0.88600000000000001
 0.49680000000000002 0.24681023999999999 42.875900000000001 11.993478873716967 15.995922725171186 -0.27577451995099717 0.28951025030776573 4.9632242689803672 9.5562605982534361 0 9 10 24 0 15 0 0 2 1 0 0 0 0 0 0 0 0.096225044999999995 0.24437319299999999 0.51416789900000004 0 0 0.028867513000000001 0.068711215000000006 0.11189766600000001 1.252696494 0 0.59997912499999995 0 0.545076318 0 0.14230801100000001 0 10.45566545 6.5365812600000002 6.2323060589999999 5.8772977549999998 4.4818433129999997 3.124274223 1.970467231 1.0544600319999999 8.1827012319999994 4.107927643 3.2334489660000001 2.3165128949999998 1.471179885 0.86706189 0.41639574699999998 0.17381113100000001 3.705282687 5.9348869039999999 8.6212697340000002 1.1569690319999999 1.4620837280000001 1.729309751 7 11 0 0 1.6799999999999999 0 194.0803756 1.552
 3.1410999999999998 9.8665092100000003 70.137799999999999 11.993342641587383 15.994919428975516 -0.27934766763079699 0.30259313152354073 5.0441505790118528 11.115138672642065 0 12 12 30 0 20 0 0 0 12 2 0 0 0 0 0 0 0 0.16666666699999999 0.21407617500000001 0 0 0 0.055555555999999999 0.056920215000000003 1.049943305 0 0.337915717 0 0.40437243899999997 0 0.088484166000000003 0 12.53516943 8.7708569480000005 7.8155001070000001 6.6025667400000003 5.9373938449999999 5.1140725409999996 3.4242730620000001 2.4235435129999998 9.7063148469999998 5.7290038140000004 4.1246126480000003 3.0181515609999998 2.2109625429999999 1.558353734 0.85989578499999997 0.50744133199999997 2.6837341220000002 4.8681137440000004 7.5068576169999996 0.94416966000000002 1.40062731 1.726699424 8 18 0 2 2.7799999999999998 1 236.0949631 2.2959999999999998
